0 14.452326407531032 -47.445831583348095
1 17.070883481632602 -54.17291360575311
2 18.97488122947931 -58.00276839666641
3 20.840989215012115 -65.2440050501173
4 22.606677037912508 -68.01151469769636
5 25.439431400508926 -75.56097856538132
6 26.770331535365415 -78.89333333583868
7 28.893075197376533 -83.72746112301176
8 31.996055265473696 -92.67780775702673
9 32.24330276285912 -91.77422888844158
10 34.81902103031893 -97.4419330605005
11 37.29330452710577 -105.84472695751592
12 38.71566649231352 -107.99986242967651
13 41.132178498469585 -114.43714953334302
14 42.307755947846324 -117.33251090553605
15 44.303239933085145 -122.67241194457958
16 47.25152081899176 -129.5787091309915
17 48.80223157205244 -133.5790105103889
18 51.48644201141037 -140.25076764358744
19 53.009682918213635 -144.81062896619642
20 55.22539292009399 -149.4030696892365
21 57.65607935987713 -155.01717192804438
22 58.70342085379676 -157.7257728081085
23 61.88015006396821 -165.59096870731446
24 62.94029210507723 -167.80519831185396
25 64.80125150034777 -172.42487548611493
26 66.62626297490192 -177.45846826774957
27 68.29870314362658 -181.6438071528682
28 70.74880600480726 -187.07974128870862
29 72.77042107566051 -193.83100537929394
30 74.71778000595388 -197.67913272580665
31 77.89149975850417 -206.43358817285267
32 78.6395849387511 -206.9174984521705
33 81.3371798834813 -214.5762727873992
34 83.2735100248772 -219.45629224796573
35 84.99323009147824 -224.4379433433902
36 85.83558542178199 -227.0074982639929
37 89.26681665921409 -234.31421049064278
38 91.13157188511546 -237.83635492795923
39 92.87852842106481 -244.05097698080527
40 95.24870669885739 -251.0839421109531
41 97.15807482209065 -254.82643293255467
42 99.50799877776956 -258.795301250286
43 101.02036177423659 -265.2991011458295
44 103.61117038335335 -271.25392961904106
45 104.2217645177531 -272.7925370432331
46 106.78709687371335 -278.3135178060071
47 108.62520199340089 -284.4249579448329
48 110.06049383862641 -286.19318925096434
49 112.77046523364488 -294.83920167698415
